846
543 113
788 614
732 331
440 751
393 708
63 86
760 278
98 122
89 224
187 126
445 257
801 333
182 66
474 559
579 400
9 23
44 179
548 122
411 226
219 144
733 31
6 4
362 319
315 276
710 268
248 345
89 283
279 146
683 43
193 417
198 184
360 442
388 646
65 507
35 25
269 10
67 41
381 573
671 458
34 351
1 28
744 522
339 346
182 745
79 33
428 35
682 37
243 644
462 214
545 266
116 372
412 436
190 274
585 764
326 319
738 424
48 159
405 719
84 24
714 560
24 542
181 83
120 335
245 497
332 5
121 2
841 813
148 32
226 297
182 192
17 76
113 527
48 485
281 664
578 818
99 211
246 192
833 209
722 110
647 77
33 406
267 547
105 399
401 148
683 772
72 18
349 66
444 267
424 493
13 129
80 180
27 9
271 17
65 66
356 278
53 54
39 569
227 81
22 588
93 567
21 843
33 60
702 550
540 452
821 87
152 582
459 553
532 560
152 64
106 264
709 87
331 79
608 736
122 526
233 71
386 321
25 154
478 259
140 87
255 724
36 538
654 705
92 333
96 312
286 160
230 57
111 166
502 182
148 435
32 476
43 115
15 71
24 360
726 324
265 319
725 573
757 236
43 51
136 157
18 534
178 470
56 4
481 139
139 47
197 116
440 180
248 291
55 82
301 354
108 6
488 178
16 250
158 561
4 104
634 704
337 537
362 795
50 36
616 416
180 793
443 384
461 830
152 427
814 79
443 828
147 460
21 10
398 31
489 639
695 8
389 341
252 680
430 713
84 194
29 191
147 595
447 463
225 266
61 48
150 164
317 409
421 1
450 589
80 5
18 53
132 607
132 9
474 585
489 97
422 279
76 651
144 174
81 730
424 382
324 308
761 49
86 107
151 33
842 2
74 7
580 21
46 18
68 581
568 489
314 123
111 69
118 167
209 165
293 83
64 302
64 175
255 95
366 636
483 425
27 305
772 836
86 189
484 206
170 2
434 353
395 240
5 52
90 657
42 9
52 696
341 212
402 20
371 191
269 298
324 498
454 241
314 596
65 161
292 663
13 404
282 262
101 418
137 753
273 33
55 265
706 220
627 162
274 365
419 366
570 737
819 715
92 68
229 141
360 692
477 773
215 12
438 8
102 110
399 686
514 255
755 251
829 587
120 723
352 241
16 205
64 239
515 27
87 16
213 216
24 7
490 530
34 100
727 574
304 838
381 343
412 8
289 245
674 527
226 750
20 43
233 622
521 341
731 580
434 448
787 245
604 312
55 94
84 425
73 629
452 711
17 45
519 456
203 343
40 126
825 201
373 104
458 840
281 403
504 429
311 790
771 600
132 252
392 452
453 226
433 419
118 89
496 184
254 44
726 752
601 474
223 185
41 37
575 32
741 547
576 685
34 15
223 613
451 321
564 844
213 31
22 11
245 313
79 437
263 47
15 57
112 146
52 336
26 3
432 174
83 101
526 700
2 14
9 7
357 628
128 12
779 45
643 457
524 63
188 170
586 640
728 679
218 167
88 505
13 19
315 667
543 670
602 282
552 214
145 796
528 178
348 72
678 441
32 63
137 693
235 578
268 187
665 460
49 234
220 212
555 59
231 243
251 377
29 9
145 288
107 426
237 65
248 40
183 61
75 660
167 303
67 97
54 387
110 238
824 677
650 442
347 241
38 200
38 2
15 195
383 262
635 513
352 611
215 766
477 786
72 93
379 149
119 77
330 382
225 808
162 261
476 798
61 605
301 167
735 190
10 407
45 208
209 292
591 19
203 202
486 188
691 518
464 290
249 102
455 797
329 204
92 160
372 831
414 124
327 170
2 17
606 246
523 180
147 400
261 520
42 155
325 256
27 70
832 484
81 113
342 322
105 207
236 102
154 447
296 31
105 103
412 557
425 494
78 270
701 31
450 387
349 525
612 31
205 536
223 707
598 92
500 308
649 144
303 385
615 81
743 415
653 133
63 136
519 535
449 270
147 42
235 626
554 804
577 243
58 46
28 32
581 689
810 294
25 13
318 558
17 18
339 220
4 48
110 318
85 19
231 518
618 217
29 337
85 533
532 87
109 123
480 359
673 131
563 444
769 563
228 781
394 256
82 232
133 131
115 715
503 257
614 395
168 363
131 621
45 83
304 251
466 225
358 60
295 642
25 260
791 750
46 62
135 61
376 356
789 311
138 284
399 652
5 7
202 468
607 623
31 138
803 149
32 165
571 363
495 235
86 231
820 182
492 608
3 2
440 720
308 43
148 835
153 26
461 145
416 244
620 523
544 631
593 391
313 576
96 375
267 290
169 529
190 84
122 131
770 388
338 199
124 40
51 64
437 491
30 21
13 12
27 845
512 780
446 318
61 597
334 208
116 82
471 412
309 179
564 633
811 805
10 7
669 512
355 159
256 158
531 72
207 834
294 472
36 5
626 662
806 100
284 698
25 482
139 782
45 59
431 267
456 394
807 273
366 758
380 219
141 54
388 586
415 102
464 467
551 617
658 395
311 246
163 511
13 106
191 778
16 5
634 170
347 439
128 280
125 323
199 144
237 637
136 677
363 747
177 590
812 288
570 166
475 429
625 204
321 16
17 20
190 457
367 229
244 64
703 799
49 12
767 443
16 102
15 4
33 1
675 228
272 177
158 202
763 508
39 1
77 13
388 8
6 40
42 120
823 215
350 93
512 138
235 157
90 58
207 259
81 11
809 271
54 384
410 123
777 490
2 1
694 317
564 280
128 562
382 839
600 247
465 223
353 99
506 8
225 126
261 565
322 6
397 165
132 186
25 114
228 53
55 149
15 112
196 135
517 485
570 688
142 54
310 80
29 75
374 88
327 368
350 430
356 816
364 23
367 474
734 616
8 2
656 185
268 278
551 277
14 193
539 178
413 473
140 378
222 18
73 584
513 79
320 271
47 794
361 369
423 220
276 152
8 44
703 403
21 201
556 272
765 599
227 762
285 300
126 168
287 123
285 243
414 740
172 140
44 69
17 169
3 145
277 6
251 684
583 429
698 776
759 100
180 247
164 316
214 53
155 754
546 497
31 242
21 173
420 599
244 262
436 632
294 143
607 716
730 748
217 221
147 245
71 98
29 687
587 263
186 648
330 153
290 522
813 476
21 340
109 117
742 613
458 384
574 510
212 188
697 403
477 283
125 594
73 655
11 5
37 19
66 251
324 361
33 171
135 638
516 111
304 405
837 527
258 120
133 328
96 125
785 237
703 746
217 124
130 48
295 499
547 774
739 527
816 822
68 44
79 109
349 459
718 409
257 159
281 168
156 43
3 95
195 253
846 625
827 198
103 38
244 721
490 4
263 492
82 392
441 380
501 10
550 641
610 235
274 805
431 756
242 267
479 245
2 73
59 99
484 817
535 572
549 54
241 208
668 272
225 366
306 201
25 89
592 575
23 768
51 275
55 176
317 100
89 91
163 24
619 467
162 154
433 800
299 100
185 165
673 784
144 35
158 150
342 359
118 508
469 275
768 792
85 178
175 393
149 150
681 102
121 295
307 221
13 47
509 226
391 98
9 12
541 409
163 487
234 429
96 81
17 143
109 137
